0,451
10,309
10,177
10,137
10,189
10,301
10,33
10,31
10,251
11,10
11,8
11,24
11,19
9,5
8,7
8,15
8,14
128,4
128,3
128,2
128,1
128,0
127,3
127,2
127,1
127,0
126,3
126,2
126,1
126,0
125,4
125,3
125,2
125,1
125,0
123,3
123,2
123,1
123,0
20,3
20,2
20,1
12,3
12,2
12,1
11,30
11,29
11,28
11,25
11,22
11,21
11,20
11,17
11,15
11,14
11,13
11,9
11,7
19,2
19,1
11,6
11,3
11,2
19,3
11,1
10,302
10,288
10,278
10,272
10,256
10,254
10,200
10,170
10,166
10,148
10,128
10,116
18,1
10,74
18,3
10,34
10,14
10,3
14,1
10,2
10,1
9,7
9,6
9,4
9,3
14,3
9,2
13,1
9,1
8,18
13,3
8,16
8,13
8,12
8,11
8,10
8,9
8,8
8,6
8,5
8,4
8,3
8,2
8,1
3,3
3,2
3,1
